                                                                                                                                                                                      
                                                                                                                                                                                      
                                                                                                                                                                                      
                                                                                                                                                                                      
                                                                                                                                                                                      
                                                                                                                                                                                      
                                                                                                                                                                                      
                                                                                                                                                                                      
                   3 3 3 3333333333333333333          3333         3                  3        3                 3      3     333            3                                        
                   3 3 3 3333333333333333333          3333         3      2           3        3       2      2  3      3     333        2   3                                       1
44444444444444444444444444444444444444444444444444444444444444444444444444444444444444444444444444444444444444444444444444444444444444444444444444444444444444444444444444444444444444
